134,54,341,56,341,88,133,86,tan chay yee
61,94,408,94,408,124,61,124,S.H.H. MOTOR  SUNGAI RENGIT SDN.BHD
154,128,265,125,266,143,154,146,801580-T
79,148,395,148,395,168,79,168,No.343,Jalan Kurau,Sungai Rengit
132,172,334,172,334,189,132,189,81620 Pengerang,Johor.
98,193,368,193,368,210,98,210,Te107-8263254 Fax07-8266888
200,233,267,233,267,255,200,255,INVOICE
14,300,102,298,103,322,15,324,ITEM/DESC
253,300,440,301,440,322,253,321,QTY U.PRICE RM(TOTAL)
17,345,55,345,55,364,17,364,4132
272,345,284,345,284,362,272,362,1
305,344,356,344,356,366,305,366,20.00
394,344,443,344,443,366,394,366,20.00
25,366,185,366,185,386,25,386,CROCS 300X17 TUBES
262,406,363,409,362,430,261,427,SUBTOTAL
394,407,443,407,443,429,394,429,20.00
175,430,362,430,362,450,175,450,ROUNDING ADJUSTMENT :
401,429,443,429,443,451,401,451,0.00
246,452,363,452,363,472,246,472,GRAND TOTAL
395,451,443,451,443,473,395,473,20.00
305,473,364,473,364,494,305,494,CASH
396,474,442,474,442,493,396,493,20.00
288,495,363,495,363,516,288,516,CHANGE:
402,496,442,496,442,515,402,515,0.00
16,537,352,538,352,558,15,557,23-01-2019 13:14:15PM,PRINT BY:root
19,561,344,561,344,578,19,578,TOKEN NO:O,STATION ID: A1,PID:POS
19,583,167,583,167,600,19,600,INVOICE NO: 22497
17,625,185,625,185,645,17,645,Thanks Your Support
300,621,387,628,384,669,297,663,2.00
