157,449,659,449,659,491,157,491,Best Denki Malaysia 308282-A
204,499,612,499,612,540,204,540,Lot L6 26, Subang Parade
255,548,563,548,563,590,255,590,No.5, Jalan SS16/1
172,598,625,598,625,639,172,639,47500 Subang Jaya, Selangor
189,649,610,647,610,684,189,687,GST Reg.No.001348681728
253,697,567,697,567,738,253,738,Best Denki 1 Utama
223,746,597,746,597,787,223,787,Tel No.: 603-7722 1933
72,798,733,794,733,835,72,839,0pening Hrs: 10:00:00 AM to 10:00:00 PM
74,946,423,946,423,981,74,981,Staff: JORDAN TAN KC
449,944,564,949,562,984,448,979,Trans:
657,940,752,940,752,985,657,985,20980
70,994,601,992,601,1033,70,1035,So1d by:BD1187 MUHAMMAD SHAFIK
55,1093,363,1093,363,1134,55,1134,SIMPLIFIED INVOICE
68,1192,164,1192,164,1237,68,1237,Model
287,1192,385,1192,385,1237,287,1237,Price
473,1184,540,1191,534,1244,467,1238,aty
591,1192,703,1192,703,1235,591,1235,Amount
68,1286,181,1286,181,1332,68,1332,240201
325,1288,669,1288,669,1330,325,1330,COMPUTER ACCESSORIES
236,1333,334,1339,332,1386,233,1380,89.00
453,1338,487,1338,487,1383,453,1383,1
588,1338,738,1333,740,1379,590,1384,89.00 S
70,1437,217,1437,217,1480,70,1480,Total RM
608,1435,706,1435,706,1480,608,1480,0068
67,1479,152,1486,148,1534,63,1526,Cash
578,1486,706,1486,706,1530,578,1530,-100.00
66,1531,150,1537,146,1584,63,1578,Cash
606,1534,706,1534,706,1579,606,1579,11.00
64,1629,187,1629,187,1680,64,1680,GST S
287,1633,338,1633,338,1678,287,1678,6%
423,1633,521,1633,521,1678,423,1678,89.00
638,1633,722,1633,722,1678,638,1678,5.04
159,1738,646,1738,646,1773,159,1773,Goods sold are not returnable
293,1785,514,1785,514,1826,293,1826,/exchangable.
157,1833,661,1835,661,1876,157,1874,Thank you & Please come again.
