501,284,704,314,699,365,494,334,POSTEI
124,377,513,379,513,405,124,404,99SPEE0HART 5/8519537-X
136,420,514,420,514,447,136,447,LOT P.T. 2811. JALAR ANCSP
220,457,419,457,419,485,220,485,TANON 8ERKELEY
179,498,476,498,476,525,179,525,41150 K.ANG,SELAG0R
193,538,459,538,459,561,193,561,1032-SUR9NG PERD0NA
150,576,503,576,503,602,150,602,GSTI0.NO000181747713
136,654,533,654,533,681,136,681,TN001CE N018039/103/TO289
47,731,152,731,152,763,47,763,84:56PM
289,731,378,731,378,760,289,760,565420
504,731,619,731,619,759,504,759,21-05-17
49,812,292,812,292,839,49,839,154AJIN00TO1K8
488,805,622,808,622,840,487,837,H200
76,849,263,849,263,877,76,877,2 X RM10.40
49,929,478,926,478,954,49,957,otal Sales Incluaive s 
517,924,595,924,595,957,517,957,20,90
375,968,477,968,477,996,375,996,CASH RM
517,964,592,964,592,993,517,993,21.08
347,1006,479,1003,480,1035,348,1038,CHANGE RN
544,1004,592,1001,594,1034,546,1037,.20
47,1086,210,1089,210,1121,46,1118,5T Sy
276,1088,419,1083,420,1115,277,1119,PBOON(RM)
507,1085,604,1085,604,1114,507,1114,Tex(RH)
346,1123,422,1123,422,1156,346,1156,19.62
546,1123,607,1123,607,1154,546,1154,1,18
124,1244,521,1244,521,1271,124,1271,ThsrYoPlease cone eoain
