378,227,662,229,662,251,378,250,WARAKUYA PERMAS CITY SDN BHD
450,275,593,275,593,296,450,296,Reg No: 1203194-W
431,297,611,297,611,313,431,313,JALANPERMASUTARAi
392,317,648,317,648,337,392,337,PERMAS JAYA 31750 MASAI JOHOR
453,353,590,353,590,374,453,374,Tel:0111-558 0000
423,398,632,398,632,418,423,418,GSTID001659935104
357,464,505,464,505,487,357,487,TAX INVOICE NO
577,461,617,461,617,495,577,495,42
656,460,669,460,669,476,656,476,"1
355,492,411,492,411,514,355,514,58244
352,520,529,518,529,541,352,542,Date:10/03/20185:41:06
587,517,667,517,667,534,587,534,PAXNO:4
352,546,498,546,498,566,352,566,Cashier:cashier3
354,569,472,569,472,587,354,587,Walter:HANYIN
360,593,472,593,472,611,360,611,Qty Code/Desc
611,590,675,590,675,612,611,612,TotalRM
362,627,538,627,538,647,362,647,3SABA SHIO YAKI SET
632,627,680,627,680,649,632,649,53.70
362,647,535,647,535,668,362,668,1 SALMON SHIO SET
631,645,679,650,677,672,629,667,21.90
362,666,516,668,516,690,362,689,4 ICED GREEN TEA
637,666,679,670,676,694,634,690,4.00
478,696,553,700,552,723,477,719,SUBTOTAL
628,700,677,700,677,722,628,722,79.60
475,720,553,724,552,746,474,742,DISCOUNT
617,724,677,724,677,746,617,746,-30.00
350,756,468,756,468,773,350,773,Total Anount:
628,752,677,756,675,778,626,774,49.60
347,779,479,781,479,803,347,802,Serv Charge 10%
638,784,677,784,677,803,638,803,4.6
348,798,421,802,420,824,347,820,ST%
633,801,677,806,675,829,631,825,3.27
346,827,468,829,467,851,345,849,Rounding Adj :
628,830,677,830,677,853,628,853,-0.03
346,859,460,864,459,886,345,881,Total Amount:
625,862,675,862,675,884,625,884,57.80
346,914,418,918,417,942,345,938,TOTAL:
575,918,673,918,673,945,575,945,RM 57.80
346,961,402,961,402,983,346,983,Type 3
348,997,444,1001,443,1021,347,1018,CSt Suemary
487,1002,566,1002,566,1020,487,1020,Amouni Ri
620,1001,675,1001,675,1023,620,1023,TAX RM
347,1020,395,1020,395,1042,347,1042,SRL%
516,1017,566,1022,564,1046,514,1041,54.6
632,1021,673,1021,673,1045,632,1045,3.27
387,1070,633,1074,633,1094,387,1091,Thak Ye l Pease Coma Agei1
