12,266,416,266,416,288,12,288,uardian Heaith And Heauty 50n Bno
9,297,228,297,228,324,9,324,Handar Haru Kawang
6,330,348,329,348,355,6,357,No 15 Jalan Handar Kawang 10
8,365,228,365,228,391,8,391,Bandar Baru Kawang
7,396,190,394,191,422,8,424,Tel:03-60932032
9,430,272,430,272,457,9,457,Lompany Keg#1101083-
8,463,261,463,261,490,8,490,9TR1866000H 6M 169
364,524,401,524,401,557,364,557,KM
9,562,323,562,323,588,9,588,12105621Y PRINGLES SUUR/CK
402,557,497,557,497,590,402,590,4.80
56,595,151,595,151,623,56,623,SUHIUIAL
404,593,459,593,459,623,404,623,4.80
56,627,203,627,203,654,56,654,DISCUUNIAHLE
271,623,328,623,328,659,271,659,4.80
6,660,169,660,169,692,6,692,6%IKXDIL
401,657,467,657,467,692,401,692,0.24-
18,692,186,692,186,724,18,724,Keason
54,729,153,729,153,757,54,757,SUBIUIAL
405,726,458,726,458,757,405,757,4.51
8,796,251,796,251,823,8,823,KUUNDING ADJUSIMENIS
404,793,466,793,466,823,404,823,0.01-
11,829,203,829,203,856,11,856,IUIAL (GSI INLL)
405,826,459,826,459,857,405,857,4.50
5,859,65,859,65,893,5,893,L'ASH
404,861,459,861,459,892,404,892,4.50
8,928,272,928,272,954,8,954,YUUK SAUINGH FUK JUDAY
398,927,458,922,460,958,401,963,0.29
8,962,138,962,138,990,8,990,GSi-Kate
195,961,435,961,435,992,195,992,b5I Exci--b5I Amt
82,995,122,995,122,1026,82,1026,29
231,994,292,994,292,1028,231,1028,4.25
343,995,397,995,397,1025,343,1025,0.26
119,1064,384,1064,384,1091,119,1091,Ihank You tor Shopping
175,1097,314,1097,314,1123,175,1123,At buardian
115,1130,370,1130,370,1156,115,1156,Al Aounts Are 1n KM
71,1166,423,1166,423,1188,71,1188,boods soid are non-retudahie
80,1199,420,1197,420,1223,80,1225,isrensed medicines sold are
151,1234,337,1234,337,1256,151,1256,not returnable.
35,1266,455,1266,455,1292,35,1292,Ali exchanges and returns including
33,1300,467,1299,467,1325,33,1327,Guardian brand products must be made
11,1336,476,1336,476,1358,11,1358,ifhin /davs with oriainal receipts ano
70,1371,428,1371,428,1392,70,1392,Pro0uct in or1oinal conoition.
42,1400,440,1399,440,1425,42,1427,st:8282.0tr2 10:2065 1ax1nv:48701
139,1432,364,1432,364,1463,139,1463,181524/05/18
