43,144,445,145,445,169,43,167,Dion Realties Sdn Bhd (Co.No:20154-T)
48,179,424,179,424,203,48,203,(GST Registration No : 000850247680)
44,215,337,215,337,238,44,238,Henara Dion #02-03,Level 2
42,246,299,247,299,275,42,273,27, Jalan Sultan Isnail.
43,283,248,286,248,310,43,307,50250 Kuala Lumpur.
46,321,269,321,269,344,46,344,Tel  +6 03 2026 6386
43,356,267,356,267,379,43,379,Fax : +6 03 2026 6387
44,427,227,427,227,450,44,450,>>>33IOnHI XHI<<<
46,495,373,495,373,518,46,518,Tax Invoice no.7698/0601/00601
213,527,364,527,364,555,213,555,28/05/18 11:41
44,595,349,597,349,624,44,623,010100 Pay parking ticket
349,599,428,599,428,623,349,623,5.00 RM
46,633,374,633,374,657,46,657,28/05/18 11:23 -28/05/18 11:40
42,666,414,667,414,695,42,693,Length of stay: 0 Dy.0 Hr. 17 Min.
96,704,396,707,396,730,96,727,02992887002011018148410260??
116,773,291,773,291,801,116,801,Anount Incl.GST
348,772,429,772,429,801,348,801,5.00 RM
116,841,267,841,267,869,116,869,Aecapted total
341,841,431,841,431,870,341,870,10.00 RM
115,875,187,875,187,904,115,904,Change
349,878,431,878,431,903,349,903,5.00 RM
116,909,186,909,186,934,116,934,%9 1S9
349,906,433,910,431,938,347,935,0.28 RM
46,980,470,980,470,999,46,999,****************************************
42,1011,69,1011,69,1034,42,1034,**
203,1010,302,1013,301,1037,202,1034,Thank you
446,1013,474,1013,474,1036,446,1036,**
44,1048,470,1051,470,1069,44,1066,****************************************
