140,288,536,287,536,318,140,320,99 SPEED MART 5/B (519537-X}
156,328,536,328,536,359,156,359,LOT P.T. 2811, JALAN ANGSA
237,367,441,364,442,397,238,400,TAMAN BERKELEY
196,407,500,405,500,438,197,440,411S0 KLANG, SELANGOR
209,448,480,443,481,474,209,479,1313-5UBANG BE5TARI
168,486,526,482,527,514,168,517,GST ID.NO : 080181747712
155,567,550,563,550,589,156,594,INVOICE NO  18023/103/T0052
68,641,176,641,176,675,68,675,02:49PH
308,640,401,640,401,675,308,675,565287
522,638,641,638,641,671,522,671,05-05-17
72,723,454,720,454,747,72,750,2832 AH HUAT WHT.COFFEE GO
509,720,643,720,643,749,509,749,RM12,655
68,760,454,758,454,790,68,791,9500 HASSIHO HHEAY SERM 400
519,756,641,756,641,790,519,790,RM2.39 s
72,801,449,801,449,827,72,827,2022 CADBURY CHOCOLATE DAIL
522,797,641,797,641,826,522,826,RM9.65 s
71,840,446,840,446,867,71,867,366 HILO FUZE 3INS ORIGINAL
508,837,640,837,640,865,508,865,RM13.65S
71,876,454,875,454,906,71,908,384 MISTER POTATO TOMATO 16
520,873,643,873,643,906,520,906,RM3.99 S
72,958,496,955,497,982,72,985,Total Sales (Inclusive GST RH
536,950,614,950,614,985,536,985,42.33
179,995,496,991,497,1024,179,1028,Rourrding Adjustaent RM
563,990,611,990,611,1023,563,1023,.02
338,1032,500,1032,500,1065,338,1065,Rounding RM
537,1031,613,1031,613,1061,537,1061,42.35
365,1070,498,1070,498,1103,365,1103,CREO}T RH
533,1067,611,1067,611,1102,533,1102,42.35
364,1110,499,1106,500,1141,365,1144,CHANGE RH
564,1106,616,1106,616,1141,564,1141,,00
68,1186,230,1192,229,1225,67,1220,GST SURmary
295,1188,440,1188,440,1221,295,1221,AmOUnt(RM)
522,1185,625,1185,625,1218,522,1218,Tax(RH)
62,1228,156,1224,158,1259,64,1263,S=6%
361,1225,442,1225,442,1259,361,1259,39.92
563,1226,632,1226,632,1256,563,1256,2.41
66,1385,624,1382,624,1414,66,1417,Keep the invoice for apalicable returns
