47,144,449,143,449,166,47,167,Dion Realties Sdn Bhd (Ca.No:20154-T)
50,177,428,175,428,200,50,201,(GST Registration No : 000850247680)
47,210,341,209,341,233,47,235,Menara Dion #02-03,Level 2,
48,246,302,246,302,268,48,268,27, Jalan Sultan Ismail,
47,278,249,279,249,304,47,302,50250 Kuala Lumpur.
48,314,272,314,272,337,48,337,Te1 : +6 03 2026 6386
46,347,273,347,273,374,46,374,Fax : +6 03 2026 6387
48,420,231,420,231,442,48,442,>>>33IOANI XUI<<<
51,488,378,488,378,511,51,511,Tax Invoice no.4953/0602/00602
212,522,367,522,367,545,212,545,25/06/18 11:18
49,585,432,587,432,614,48,612,010100 Pay parking ticket 5.00 RM
50,623,378,623,378,646,50,646,25/06/18 11:03-25/06/18 11:18
48,658,417,658,417,681,48,681,Length of stay: 0 Dy.0 Hr.15 Min.
101,691,399,693,399,716,101,714,Q29928870020110181763979003?
118,761,292,761,292,784,118,784,Anount Incl,GST
352,759,435,759,435,788,352,788,5.00.RM
119,828,272,828,272,855,119,855,Accepted total
346,830,435,830,435,858,346,858,10.00 RH
120,862,192,865,190,895,119,891,Change
352,863,435,863,435,892,352,892,5.00 RM
119,897,191,897,191,925,119,925,G.S.T.
258,898,308,898,308,924,258,924,0.00
353,897,436,897,436,925,353,925,0.00 RM
51,967,474,967,474,986,51,986,****************************************
47,1000,73,1000,73,1023,47,1023,**
206,997,308,1000,307,1028,205,1025,Thank you
450,997,479,1000,476,1025,447,1021,**
51,1037,474,1037,474,1056,51,1056,****************************************
