1801,1674,3056,1666,3057,1768,1802,1776,LAVENDER CONFECTIONERY & BAKERY S/B
2045,1761,2783,1761,2783,1856,2045,1856,COMPANY NO: 499702-V
1764,1849,3078,1834,3079,1929,1765,1944,LOT G29 & G30, AEON Ma11 TEBRAU CITY,
1978,1922,2894,1922,2894,2017,1978,2017,NO. 1, JALAn DESA teBrAU,
1764,2010,3085,2002,3086,2105,1765,2112,TAMAN DESA TEBRAU, 81100 JOHOR BAHRU.
2119,2097,2746,2097,2746,2192,2119,2192,TEL : 07-364 3785
2015,2185,2842,2185,2842,2280,2015,2280,GST ID NO: 001872379904
2015,2258,2791,2258,2791,2353,2015,2353,TAX INVOICE
1742,2441,2325,2441,2325,2536,1742,2536,14/04/2018 16:14
2658,2441,3145,2441,3145,2521,2658,2521,B999215
1735,2536,1868,2536,1868,2624,1735,2624,Qty
1986,2536,2421,2536,2421,2616,1986,2616,Descriptions
2931,2529,3152,2529,3152,2609,2931,2609,Amount
1986,2689,2540,2689,2540,2792,1986,2792,EUROPEAN WALNUT
2990,2682,3241,2682,3241,2784,2990,2784,6.50 T
2990,2770,3241,2770,3241,2872,2990,2872,5.80 T
1970,2785,2738,2769,2740,2864,1972,2880, ORANGE PEEL CHOCOLATE
1986,2938,2333,2938,2333,3040,1986,3040,TOTAL
2805,2931,3160,2931,3160,3033,2805,3033,12.30
1727,2960,1794,2960,1794,3040,1727,3040,2
2961,3001,3170,3022,3159,3131,2950,3110,20.00
1979,3015,2181,3036,2170,3146,1968,3125,CASH
1978,3128,2399,3128,2399,3208,1978,3208,CHANGE
2872,3121,3152,3121,3152,3201,2872,3201,7.70
2984,3176,3171,3198,3158,3307,2971,3285,0.70
1978,3201,2421,3201,2421,3303,1978,3303,Inc1.6% GST
2060,3369,2879,3369,2879,3464,2060,3464,PRICES INCLUSIVE 6% GST
1731,3521,2142,3539,2138,3648,1726,3631,GST Summary
2576,3537,2813,3537,2813,3640,2576,3640,Amount
3027,3537,3160,3537,3160,3632,3027,3632,Tax
1727,3625,1971,3625,1971,3727,1727,3727,T: GST
2621,3625,2805,3625,2805,3713,2621,3713,11.60
2997,3625,3167,3625,3167,3713,2997,3713,0.70
2643,3705,2813,3705,2813,3793,2643,3793,0.00
2997,3705,3160,3705,3160,3793,2997,3793,0.00
1735,3720,2207,3720,2207,3800,1735,3800,Z: Zero Rated
1737,3877,1931,3905,1917,3994,1723,3966,sign:
2082,3968,2776,3968,2776,4063,2082,4063,www.lavender.com.my
2259,4056,2621,4056,2621,4137,2259,4137,THANK YOU.
1720,4217,2953,4209,2953,4312,1721,4319,1. All sales are final. Goods sold
1823,4305,3100,4290,3101,4392,1824,4407,are not refundable nor exchangeable.
1735,4392,2879,4392,2879,4465,1735,4465,2. Our products contain no added
1831,4473,3115,4473,3115,4568,1831,4568,preservatives, please consume within
1831,4560,2776,4560,2776,4655,1831,4655,a day or keep according to
1838,4641,2879,4641,2879,4736,1838,4736,recommendations on packaging.
1727,4728,2983,4728,2983,4824,1727,4824,3. For feedback, please retain this
1838,4816,2946,4816,2946,4911,1838,4911,Tax Invoice. Seek store manager
1831,4904,2931,4904,2931,4999,1831,4999,assistance OR drop_us an email.
1735,4984,2916,4984,2916,5079,1735,5079,4. Tax Invoice can only be issued
1831,5072,3049,5072,3049,5167,1831,5167,on the_purchase date, Amendment is
1831,5152,2687,5152,2687,5247,1831,5247,not allowed once issued.
1735,5320,2554,5320,2554,5415,1735,5415,Csh:C1337 LEE FING TING
1735,5408,2525,5408,2525,5503,1735,5503,POS:TC12 Shf :201804141
