329,208,701,216,700,254,328,245,KAISON FURNISHING SDN BHD
371,266,658,278,656,323,369,311,L4-17 (B), Level 4,
355,330,686,342,685,387,354,375,UP2-01, Melawati Mall,
314,394,706,403,706,448,313,440,355, Jalan Bandar Melawati,
355,458,678,470,677,510,354,498,Pusat Bandar Melawati,
368,525,647,533,646,571,367,562, 53100 Kuala Lumpur .
352,589,676,595,675,632,352,626,Co. Reg No.761834-D
342,650,691,656,690,693,341,688,GST Reg No. 001813975040
383,712,650,715,649,755,382,752,Tel: 03 - 41019864
221,831,604,840,603,877,221,869,Slip 0000MLW-P3000024348
221,893,804,901,803,944,221,935,Staff: 1799 Siti Izza Trans: 1603029175
219,957,532,962,531,1000,218,994,Date: 29-01-18 20:38
214,1079,386,1085,384,1123,213,1117,Descript ion
606,1088,755,1088,755,1125,606,1125,Amount(RM)
216,1205,393,1205,393,1242,216,1242,Barcode:
376,1199,512,1205,510,1245,374,1239,10182079
216,1266,511,1266,511,1303,216,1303,FLOWER BUNCH - ROSE
258,1319,481,1325,479,1370,256,1365,122 pcs @ 18.90
625,1322,797,1328,795,1373,623,1367,2,305.80 SR
211,1381,509,1384,508,1429,210,1426,Item No.: 30001640
211,1442,501,1445,500,1490,210,1487,FLOWER BUNCH - CRYST
254,1509,478,1509,478,1546,254,1546,240 pcs @13.90
622,1508,791,1514,790,1554,621,1548,3,336.00 SR
206,1562,506,1568,505,1613,205,1607,Item No.: 30001635
208,1626,501,1629,500,1669,208,1666,FLOWER BUNCH - 7HO P
255,1687,475,1693,474,1733,254,1727,130 pcs @ 16.90
619,1693,788,1693,788,1738,619,1738,2,197.00.SR
204,1801,335,1808,332,1856,202,1849,Total RM
621,1818,752,1818,752,1861,621,1861,7,838.80
204,1868,357,1874,356,1912,202,1905,CASH (MYR)
615,1871,745,1877,743,1923,613,1916,-7,840.00
205,1933,300,1933,300,1973,205,1973,Change
675,1941,745,1941,745,1983,675,1983,1.20
247,2046,320,2054,316,2094,243,2086,GST%
352,2058,470,2058,470,2095,352,2095,Amt(RM)
515,2057,781,2069,780,2106,513,2095,GST(RM) Total(RM)
196,2105,470,2114,469,2160,195,2151,SR 67,395.09
525,2116,784,2125,782,2170,523,2161,443.717,838.80
229,2233,727,2250,726,2290,228,2273,GO0DS SOLD ARE NON-CASH REFUNDABLE
255,2295,725,2311,723,2349,254,2332,EXCHANGE OF GO0DS WITHIN 14 DAYS
255,2359,714,2375,713,2413,254,2396,ACCOMPANIED BY ORIGINAL RECEIPT.
