85,152,528,150,528,177,85,178,PINGHWAITRADING SDN BHD
238,181,377,181,377,203,238,203,1211036-W)
79,212,533,212,533,234,79,234,NO.2.JALAN METRO PERDANA TIMUR 11.
119,243,496,243,496,266,119,266,KEPONG ENTERPRENUERSPARK,
194,275,421,275,421,293,194,293,OFFJALANKEPONG
184,305,430,305,430,323,184,323,52100 KUALALUMPUR
93,334,520,332,520,355,93,356,TEL:0122648835FAX603-62592420
185,366,431,366,431,389,185,389,GSTID:001371123712
228,400,388,400,388,427,228,427,TAX INVOICE
29,440,113,440,113,463,29,463,Doc No.
170,440,326,440,326,462,170,462,CS00020001
403,438,586,438,586,461,403,461,Date:23/09/2017
31,471,111,471,111,495,31,495,Cashier
170,471,259,471,259,495,170,495,:USER
400,470,562,470,562,496,400,496,Time:12:11:00
29,506,181,506,181,532,29,532,Salesperson:
405,502,463,502,463,531,405,531,Ref.:
352,550,413,550,413,574,352,574,(GST)
467,548,528,548,528,573,467,573,(GST)
27,570,77,574,75,598,25,595,Item
192,570,233,574,230,600,189,596,Qty
259,573,330,573,330,595,259,595,S/Price
347,569,419,572,418,596,346,592,S/Price
451,572,529,572,529,594,451,594,Amount
545,569,590,574,587,599,542,594,Tax
29,602,87,602,87,621,29,621,17007
184,599,238,599,238,623,184,623,65.00
266,599,321,599,321,623,266,623,15.50
356,599,411,599,411,623,356,623,15.50
449,599,541,599,541,621,449,621,1,007.50
541,599,585,599,585,623,541,623,ZRL
133,625,320,625,320,648,133,648,UDANG KERING
57,687,242,684,242,712,58,714,Total Qty:65.00
438,685,532,681,533,709,439,712,1,007.50
113,727,422,727,422,750,113,750,Total SalesExcluding GST
422,725,532,725,532,748,422,748,1,007.50
303,765,416,765,416,789,303,789,Discount:
483,764,533,764,533,789,483,789,0.00
289,801,417,801,417,828,289,828,Total GST:
483,803,533,803,533,828,483,828,0.00
297,843,418,843,418,870,297,870,Rounding :
482,840,534,840,534,869,482,869,0.00
71,883,421,883,421,905,71,905,Total Sales(Inclusive of GST):
417,882,532,882,532,905,417,905,1,007.50
326,917,534,917,534,943,326,943,CASH1,100.00
305,947,419,951,417,979,304,974,Change :
472,950,533,950,533,973,472,973,92.50
68,1020,242,1020,242,1043,68,1043,GST SUMMARY
75,1056,180,1056,180,1079,75,1079,Tax Code
237,1053,265,1053,265,1083,237,1083,%
321,1057,422,1057,422,1081,321,1081,Amt (RM)
467,1052,570,1055,569,1082,466,1079,TaxRM
75,1085,121,1085,121,1111,75,1111,ZRL
241,1085,264,1085,264,1111,241,1111,0
326,1085,424,1082,425,1109,327,1112,1,007.50
519,1083,571,1083,571,1112,519,1112,0.00
201,1117,278,1117,278,1145,201,1145,Total:
330,1119,421,1119,421,1142,330,1142,1,007.50
519,1116,572,1116,572,1145,519,1145,0.00
69,1178,553,1178,553,1196,69,1196,GOODS SOLD ARE NOT RETURNABLE,THANK YOU.
