65,152,462,152,462,171,65,171,Dion Realties Sdn Bnd (Co. No:20154-T
63,180,444,181,444,208,63,207,(GST Registration No : 000850247680)
63,218,356,218,356,241,63,241,Menara Dian #02-03, Level 2
63,253,315,253,315,275,63,275,27, Jalan Sultan Ismail,
60,286,265,286,265,312,60,312,50250 Kuala Lunpur.
61,320,286,320,286,347,61,347,Te1  +6 03 2026 6386
60,356,286,356,286,383,60,383,Fax : +6 03 2026 6387
60,426,244,429,244,456,60,453,>>>TAX INUDICE<<<
63,499,391,499,391,522,63,522,Tax Invoice no.3521/0602/00802
230,529,380,532,380,556,230,553,30/05/18 11:01
63,601,329,601,329,624,63,624,010100 Pay Parkirig ticket
368,601,445,601,445,625,368,625,5.00 RM
61,636,387,636,387,658,61,658,30/05/1810:45-30/05/1B11:01
60,671,428,671,428,694,60,694,Length of stay:0 0y.0 Hr.16 Min
115,707,411,707,411,730,115,730,02992887002011018150387040?3
133,776,305,773,306,801,133,804,Anount Incl.GST
365,770,448,774,447,807,364,803,5.00 RM
134,847,284,846,284,870,134,871,Accaptad total
365,843,448,846,447,874,364,871,5.00 RM
133,876,203,876,203,904,133,904,CiST 6%
365,873,448,877,447,906,364,903,0.28 RM
63,948,486,948,486,966,63,966,****************************************
59,981,86,981,86,1004,59,1004,**
219,978,318,978,318,1006,219,1006,Thank you
463,981,490,981,490,1004,463,1004,**
61,1018,486,1018,486,1035,61,1035,****************************************
