365,271,634,276,633,350,364,345,EXPrint'
155,400,690,402,690,432,155,430,AnzelAdvertisingMSdn bhd758705-H)
162,430,684,432,683,468,162,465,Unit G-5BGrnd For.Wisma UOA I
287,465,556,468,556,504,287,501,No 21,Jalan Pinang.
220,499,619,506,619,535,220,529,5050 uala LumurMys
205,533,640,535,640,565,205,562,Te03-21932788/03-21818708
267,569,580,569,580,604,267,604,GST No002121732088
313,646,526,651,526,687,312,682,TChSal
410,697,647,697,647,725,410,725,NO.:UDA-C818.01576
418,756,468,756,468,792,418,792,Qity
516,751,639,757,637,795,515,789,RM T
141,806,410,816,409,851,140,842,Wm0g
487,815,546,815,546,849,487,849,7.00
147,845,205,845,205,876,147,876,1.00
140,897,468,902,468,937,140,933,ToAmInT
589,906,651,906,651,939,589,939,7.42
207,937,470,939,470,975,207,973,Roundng Aajusiment
578,936,659,942,656,980,575,974,(0.01
242,977,477,984,476,1020,241,1013,ToalAm Paysble:
311,1019,475,1024,474,1053,310,1049,Paid Amount:
591,1022,660,1022,660,1053,591,1053,10.00
360,1055,482,1062,479,1100,357,1092,Chherne:
599,1059,662,1059,662,1093,599,1093,2.60
638,1104,658,1104,658,1129,638,1129,7
323,1241,509,1241,509,1276,323,1276,THANK YOU
177,1276,649,1281,649,1319,177,1314,For any enguiryplease e-mailus
252,1318,567,1321,567,1350,252,1348,www.exorintshop.ecm
216,1359,599,1359,599,1388,216,1388,E.erorniuoakidomail.com
237,1411,584,1411,584,1441,237,1441,09:13am.21March.2018
150,1520,341,1530,339,1566,148,1556,PCsTSummarY
407,1533,499,1540,497,1566,405,1558,Amaunt
433,1561,500,1561,500,1594,433,1594,{RiM}
599,1563,671,1563,671,1599,599,1599,(RM)
436,1597,502,1597,502,1630,436,1630,7.00
574,1588,684,1588,684,1634,574,1634,0.421
440,1637,496,1637,496,1668,440,1668,7.00
374,1794,535,1799,534,1835,373,1830,THANK YOU
259,1839,651,1839,651,1875,259,1875,Forary engury.plese c-meil u
341,1898,578,1898,578,1927,341,1927,21/03/201809:13:31
