48,142,427,143,427,165,48,164,Sanjung Realiti Sdn. Bhd. (779763-K)
52,175,427,175,427,197,52,197,(GST Registration No.: 001751072768)
47,206,345,208,345,234,46,232,Car Park Office, Basement 1,
48,243,299,243,299,269,48,269,Lebuhraya SPRINT, PJU6A,
48,277,355,279,355,303,48,300,47400 Petaling Jaya, Selangor
49,314,471,314,471,336,49,336,Te1: +603 7726 2929 Fax +603 7726 1326
151,379,358,381,357,407,151,405,>>> TAX IHUOICE <<<
49,449,387,449,387,472,49,472,Tax Invoice No.: 0714/0601/00601
227,481,378,481,378,507,227,507,27/06/1810:08
48,549,315,551,315,574,48,573,010100 Pay parking ticket
354,551,431,551,431,574,354,574,1.50 RM
48,583,377,585,377,608,48,607,27/06/18 09:49 -27/06/18 10:08
47,620,416,621,416,643,46,642,Length of stay: 0 Dy.0 Hr. 19 Min.
99,652,398,653,398,677,99,675,024729510530110381783535703?
120,719,252,722,251,750,120,747,Total amount
350,720,431,720,431,748,350,748,1.50 RH
120,788,270,788,270,814,120,814,Accepted tota]
351,788,432,788,432,816,351,816,2.00 RM
119,818,189,823,187,851,117,846,Change
350,820,431,820,431,847,350,847,0.50 RM
118,852,189,855,188,884,117,880,GST 0%
351,855,432,855,432,882,351,882,0.00 RM
49,927,470,927,470,944,49,944,****************************************
46,957,71,957,71,979,46,979,**
205,954,304,958,303,985,204,982,Thank you
447,960,474,960,474,982,447,982,**
47,994,471,995,471,1013,46,1012,****************************************
