324,216,605,216,605,305,324,305,EXPrint'
336,292,601,290,601,318,336,320,worn.saw.twwanwcethww
120,352,662,345,662,379,120,386,Anzel AdvertisinaMSan hhd7587a5-H)
128,386,651,379,652,413,128,419,Unit G-5B.Ground ForWisma UOA II
252,417,528,419,527,455,252,453,No 21Jalan Pinang
189,451,591,453,590,483,189,481,50s0Kuala Lumr,Maiays
176,485,611,483,612,512,177,515,Tel03-2183276803-21810798
235,523,548,519,549,548,236,553,GST No002121732090
290,601,496,601,496,631,290,631,TaCahSales
387,646,622,646,622,673,387,673,DUDA-81901713
400,702,449,708,445,742,396,736,Qty
498,701,616,701,616,737,498,737,RM TN
128,769,406,769,406,798,128,798,PlaicLaminationA@
469,764,527,764,527,796,469,796,2.00
571,765,676,760,677,792,573,797,4.281
130,800,181,800,181,826,130,826,200
124,830,404,832,403,868,124,866,ACOLmil0gm
467,832,527,832,527,864,467,864,2.00
571,829,680,823,681,859,573,865,2481
126,864,185,864,185,896,126,896,2.00
126,930,448,930,448,957,126,957,TAnInlGT6:
574,923,635,923,635,957,574,957,3.48
191,968,446,968,446,997,191,997,Rounding Adjuenent
557,961,637,961,637,1000,557,1000,(0.02
216,1002,450,1002,450,1038,216,1038,TaelAntPayeble:
572,1002,635,1002,635,1033,572,1033,3.50
282,1042,450,1046,449,1082,281,1078,PaidAmount:
555,1044,637,1044,637,1076,555,1076,100.00
337,1082,454,1087,453,1123,336,1118,Change:
563,1084,637,1084,637,1116,563,1116,91.30
235,1129,450,1129,450,1158,235,1158,Teul Teer:
298,1262,489,1258,490,1294,299,1298,THANK YOU
155,1302,632,1296,633,1332,156,1339,For any enquiry.please e-mail us
235,1343,550,1336,551,1366,236,1372,www.ewonntshco.com
197,1377,593,1374,593,1410,198,1413,Eerprintuaki@gmall.com
225,1432,576,1427,576,1463,225,1468,04:4om.27 March.2018
140,1539,341,1549,339,1591,138,1581,FeaFEummay
397,1550,498,1550,498,1580,397,1580,Amaunt
431,1576,506,1576,506,1614,431,1614,(RM).
595,1578,658,1578,658,1609,595,1609,(FM)
141,1603,265,1619,259,1668,135,1652,HREA
435,1614,498,1614,498,1648,435,1648,8.00
143,1647,231,1667,222,1705,134,1685,ITrial
597,1639,677,1639,677,1690,597,1690,C45!
374,1815,533,1810,534,1846,375,1851,TOANHL
256,1859,643,1855,643,1891,257,1895,Foreny encury.plea-ma u
334,1921,570,1921,570,1950,334,1950,27/03/2010 16:54:04
