365,353,656,353,656,374,365,374,UNIHAKKA INTERNATIONAL SDN BHD
455,372,566,372,566,388,455,388,29 Mar 2018 819
475,388,548,392,547,409,474,405,867388-U
383,404,638,407,638,428,382,425,12.Jalan Tampci 7/4Kawasan Perindustrian
415,426,603,426,603,442,415,442,Tampoi.1200 Johor BahruJohor
465,440,553,444,552,462,464,458,TAXINVOICE
352,460,530,460,530,476,352,476,Invoice#OR18032902170347
349,485,381,485,381,503,349,503,ttem
448,484,479,484,479,504,448,504,Qty
637,480,673,484,670,506,634,502,Total
343,503,559,506,559,527,342,523,SR I00100000035- 1 Meat + 3 Vege
349,525,386,525,386,544,349,544,$7.10
448,534,456,527,464,535,456,542,7
633,525,670,525,670,544,633,544,$7.10
553,558,669,558,669,576,553,576,TotalAmount:7.10
566,576,669,576,669,593,566,593,GST @$0.40
572,593,669,593,669,611,572,611,Nett Totai7.10
348,614,437,617,437,636,347,633,Payment Mode
620,619,669,619,669,636,620,636,Amount
345,636,391,640,389,657,343,653,"CASH
633,639,669,639,669,659,633,659,$7.10
349,653,398,659,395,678,346,672,Change
633,657,670,657,670,676,633,676,$0.00
348,698,425,702,424,719,347,716,GST Summary
512,696,566,700,565,719,511,715,Amounil{$)
633,701,670,701,670,721,633,721,Tax{$}
346,719,428,722,427,740,345,736,3n=ST@%
540,722,567,722,567,740,540,740,6.70
641,721,670,721,670,740,641,740,0.40
429,744,582,746,582,767,429,765,GST REG #00065819584
403,765,612,765,612,786,403,786,BAR WANG RICE@PERMAS JAYA
437,783,577,783,577,803,437,803,(Prica Inciusive Of GST)
431,803,582,803,582,819,431,819,Thank You&Come Again!
412,819,598,821,598,838,411,837,Like and Follow Us on Facebook
421,837,588,838,588,856,421,854,Facebook.com/BarWangRice
