187,325,690,325,690,357,187,357,MR.I.IY.(KUCHAI) SDN BHI
296,372,583,372,583,410,296,410,Co-REG750441-W
128,419,748,425,747,465,128,459,LOT 1851-A &1851-B,JALAN KPB 6
146,470,725,474,725,514,146,510,KAWASAN PERINDUSTRIAN BALAKONG,
168,521,729,521,729,559,168,559,43300 SERI KEMBANGAN, SELANG0R
205,572,672,574,671,614,205,612,GST ID No 000473792512)
374,623,527,623,527,663,374,663,(KEPONG)
314,672,562,672,562,710,314,710,-TAX INVDICE-
76,776,407,776,407,808,76,808,STORAGEBOX7O581
781,772,829,772,829,816,781,816,S*
72,823,359,823,359,861,72,861,UE21-31/2/-12
74,874,320,874,320,912,74,912,6936136217897
483,870,788,875,788,914,483,910,1 X12.50 12.50
69,970,281,975,281,1020,68,1016,Item(s:1
636,974,829,974,829,1020,636,1020,Qtys:1
74,1073,411,1073,411,1110,74,1110,TOTALINCL.GST@6%
673,1075,827,1075,827,1114,673,1114,RM 12.50
70,1122,155,1122,155,1163,70,1163,CASH
673,1127,825,1127,825,1161,673,1161,RM 15.00
70,1173,187,1173,187,1214,70,1214,CHANGE
690,1175,827,1175,827,1214,690,1214,RM 2.50
76,1277,538,1277,538,1309,76,1309,GST @6% included im total
633,1273,770,1273,770,1313,633,1313,RM 0.71
76,1375,525,1375,525,1407,76,1407,22-04-16 13:13 SHO1 BO03
577,1375,821,1375,821,1407,577,1407,T1 R000406157
76,1426,692,1426,692,1458,76,1458,OPERATOR KPOC - BUDHA PRATAP SING
187,1526,692,1526,692,1558,187,1558,EXCHANGE ARE ALLOWED WITHIN
257,1575,612,1575,612,1607,257,1607,3 DAY WITH RECEIPT
226,1626,668,1626,668,1658,226,1658,STRICTLY NO CASH REFUND
