2119,950,2540,950,2540,1023,2119,1023,TAX INVOICE
2074,1038,2599,1038,2599,1111,2074,1111,DOMINO'S PIZZA
1823,1141,2833,1118,2836,1213,1825,1236,GST REF NO : 001694251248
1698,1243,2945,1227,2946,1308,1699,1323,HLISHEAINN NTHYL VZZIG SIONINON
1601,1338,3048,1315,3050,1410,1603,1433,30, Jin Kebudayaan 7, Tmn Universiti
1941,1433,2716,1425,2717,1505,1942,1513,81300 Skudai, Johor
2472,1762,2973,1746,2976,1848,2475,1865,Pay By: CASH
1587,1776,2126,1776,2126,1856,1587,1856,MON LRO ROHED
2023,2010,2237,2010,2237,2090,2023,2090,: 1131
2480,2010,2591,2010,2591,2097,2480,2097,By
2695,2002,3093,2002,3093,2083,2695,2083,: WEE_30503
1587,2024,1801,2024,1801,2105,1587,2105,Oreer
2457,2098,3069,2082,3072,2177,2460,2193,Date :08/05/18
1579,2120,2391,2104,2393,2185,1581,2200,Order Time : 10:52:09
1572,2251,2325,2243,2326,2346,1573,2354,Name: MS JOAN WONG
1594,2361,2443,2345,2444,2426,1596,2442,Pickup Time: i1:07:09
2626,2504,2816,2524,2807,2604,2618,2585,Di.su
2899,2497,3118,2516,3111,2597,2892,2578,Price
2036,2512,2225,2531,2216,2612,2027,2592,Desc
1578,2523,1916,2505,1921,2608,1583,2625,Sty Henu
2879,2646,3101,2646,3101,2726,2879,2726,15.60
1993,2668,2156,2668,2156,2748,1993,2748,(KB)
2281,2660,2613,2660,2613,2741,2281,2741,WTUEIA-I
2649,2837,3092,2820,3094,2893,2652,2910,8.90 15.60
1580,2967,2030,2967,2030,3048,1580,3048,Total Items
2444,2974,2480,2974,2480,3026,2444,3026,:
2732,3062,2946,3062,2946,3143,2732,3143,15.60
1587,3084,1949,3084,1949,3157,1587,3157,Sub-rotal
2444,3091,2480,3091,2480,3143,2444,3143,:
2761,3179,2946,3179,2946,3260,2761,3260,8.90
1580,3194,2193,3194,2193,3289,1580,3289,Coupor Discount
2761,3289,2946,3289,2946,3376,2761,3376,6.70
1579,3319,2028,3302,2031,3376,1582,3392,Grand Total
2729,3389,2948,3408,2940,3495,2722,3477,50.00
1587,3435,1875,3435,1875,3508,1587,3508,Payment
2717,3515,2953,3515,2953,3618,2717,3618,43.30
1587,3552,1993,3552,1993,3625,1587,3625,Change Due
2436,3545,2495,3545,2495,3618,2436,3618,:
2761,3640,2946,3640,2946,3727,2761,3727,0.38
1595,3661,2237,3661,2237,3735,1595,3735,*t% Gsr Inciuded
1727,3837,2923,3822,2924,3917,1728,3932,SUPPORT OUR SHILE CAMPAIGH : )
1927,3968,2739,3968,2739,4042,1927,4042,Did we smile at you?
2060,4063,2621,4063,2621,4137,2060,4137,Let us know at
1808,4166,2849,4151,2850,4224,1809,4239,www.dominos.com.my/smile and
1631,4261,3056,4246,3057,4319,1632,4334,receive a 30% off side item e-coupor
1874,4349,2781,4326,2784,4428,1877,4452,upon survey submission
1764,4451,2893,4436,2894,4516,1765,4532,SurVeY Code: WBE080740082052
1631,4590,2901,4575,2902,4670,1632,4685,Thank ycu for visiting Domino's.
1919,4692,2643,4692,2643,4765,1919,4765,Please Come Again!
1904,4794,2775,4787,2776,4867,1905,4875,300-888-333
1906,4881,2644,4897,2642,4970,1904,4955,www.dominos.com.my
1852,5050,2952,5035,2953,5130,1854,5146,compliant to the PDPA 20lc.
1609,5079,1838,5079,1838,5130,1609,5130,We are
2479,5146,2877,5129,2880,5203,2482,5219,I.my/terms
1691,5160,2451,5160,2451,5211,1691,5211,Yisit www.domincs...
1919,5313,2340,5313,2340,5386,1919,5386,Protectior.
2284,5413,2455,5442,2440,5529,2269,5501,J hy
2679,5508,2838,5536,2828,5594,2669,5566,ahd
1720,5532,2148,5532,2148,5605,1720,5605,Dommal Food
1964,5635,2259,5635,2259,5686,1964,5686,Co. Nc.
2355,5627,2547,5627,2547,5679,2355,5679,3060-
