18,7,228,21,225,61,15,47,3i803041
159,252,521,252,521,277,159,277,MR. D.1.Y.M) SDN BHD
194,286,486,286,486,312,194,312,(CO.REG860671-D)
60,322,598,322,598,344,60,344,L0T 1851-A & 1851-B. JALAN KP8 6
74,354,585,354,585,380,74,380,KAWASAN PERINDUSTRIAN BALAKONG,
94,387,587,387,587,413,94,413,433OO SERI KEMBANGAN, SELANGOR
127,419,538,419,538,449,127,449,(GST ID No :000306020352)
224,453,438,450,439,480,225,483,IOI PUCHONG)
224,488,436,488,436,515,224,515,-TAX INVOICE-
4,553,549,551,550,580,4,583,CARBON FIBER CARTRIDGE CT0-98#10
4,588,259,585,260,616,4,619,CC22-52-62- 25
5,621,125,621,125,652,5,652,9063785
372,620,528,617,529,648,372,651,2 X 5.30
555,620,638,620,638,648,555,648,10.E0
9,689,188,689,188,716,9,716,Item(s) : 1
505,688,673,685,674,717,505,720,Qty(s) : 2
7,758,307,758,307,785,7,785,Total Incl. GST@6%
535,754,673,751,674,782,536,785,RM 10.0
2,790,77,787,79,820,4,824,CASH
539,790,672,790,672,817,539,817,RM 20.00
5,822,108,822,108,854,5,854,CHANGE
553,822,672,822,672,853,553,853,RM 9.40
8,892,418,890,418,916,8,919,GST @6% included in totai
502,887,621,887,621,919,502,919,RM 0.6
9,960,404,957,405,984,9,987,18-03-18 15:12 SH01 ZJ86
455,959,668,959,668,985,455,985,T3 R000060727
6,994,404,992,405,1019,7,1021,OPERATOR TRAINEE CASHIER
108,1061,553,1060,553,1086,108,1088,EXCHANGE ARE ALLOWED WITHIN
174,1095,486,1095,486,1121,174,1121,7 DAY WITH RECEIPT.
141,1130,534,1130,534,1155,141,1155,STRICTLY NO CASH REFUND.
