45,277,495,277,495,319,45,319,COWAYMSDNBHD 0118A
45,315,619,326,618,368,44,358,2nd Flor Wima Cowayson Rja Chun
45,354,440,361,439,404,44,397,00 Ku Lmpur Myi
45,390,327,394,326,439,44,436,Tel 603-2030000
45,439,323,439,323,472,45,472,FoX603-21425587
45,468,406,475,405,521,44,514,Enail Irfo@coway.com.my
41,537,578,540,577,582,41,579,GSTREGISTRATIONNO:000743903232
207,634,609,638,608,683,206,680,TAX INVOICE(COSWAY
96,732,302,732,302,768,96,768,CENTER:KDT4
560,735,770,735,770,771,560,771,USERID:KD74
175,781,550,781,550,823,175,823,D9044LEE MEI YEIN
86,829,598,836,598,875,86,868,INVNO/DATEK074-001096(06/122016
48,885,392,885,392,927,48,927,MTDRCATK074:111.90
48,934,492,934,492,976,48,976,MTD SVGVAT K074:10.56/10.55
48,986,375,986,375,1028,48,1028,MTD OVAT K07410.56
45,1064,186,1064,186,1100,45,1100,PROOLET
306,1067,443,1067,443,1103,306,1103,QTYC
468,1064,767,1064,767,1106,468,1106,V UPRICE TOTA
564,1106,660,1106,660,1148,564,1148,(RM)
681,1106,763,1106,763,1145,681,1145,(RM)
48,1155,172,1155,172,1187,48,1187,0884
677,1158,791,1158,791,1194,677,1194,53.40BR
48,1204,492,1204,492,1246,48,1246,B3F1)PMBATHROOMCLEANER
351,1262,382,1262,382,1295,351,1295,8
739,1259,791,1259,791,1301,739,1301,BR
48,1308,406,1308,406,1350,48,1350,PM BATHROOM CLEANER
48,1363,175,1363,175,1399,48,1399,8 081118
461,1366,526,1366,526,1402,461,1402,0.00
540,1366,619,1366,619,1405,540,1405,32.70
677,1363,791,1363,791,1409,677,1409,32.70SR
48,1415,385,1415,385,1457,48,1457,A3F1)PMFLR CLEANER
48,1470,165,1470,165,1506,48,1506,8008112
351,1474,382,1474,382,1506,351,1506,4
461,1470,522,1470,522,1509,461,1509,C.00
553,1474,622,1474,622,1513,553,1513,0.00
688,1470,791,1470,791,1516,688,1516,0.0OBR
45,1522,488,1522,488,1565,45,1565,PMCONFLOOR CLEANER-PINE
48,1575,175,1575,175,1610,48,1610,7418
537,1567,624,1576,618,1625,531,1615,25.80
351,1581,382,1581,382,1614,351,1614,1
461,1578,526,1578,526,1614,461,1614,0.00
677,1581,787,1581,787,1617,677,1617,25.80BR
48,1627,450,1627,450,1669,48,1669,A2F1BGMASK74169/17/147
52,1682,162,1682,162,1718,52,1718,74147
351,1688,382,1688,382,1721,351,1721,2
461,1682,526,1682,526,1721,461,1721,C.CO
550,1685,622,1685,622,1724,550,1724,00'0
688,1682,794,1682,794,1727,688,1727,0.OCBR
48,1734,423,1734,423,1776,48,1776,BG HYDRATING SPA MASK
52,1786,165,1786,165,1822,52,1822,074160
351,1792,378,1792,378,1822,351,1822,1
457,1786,522,1786,522,1825,457,1825,0.00
550,1789,622,1789,622,1828,550,1828,0.00
688,1786,798,1786,798,1832,688,1832,0.00BR
48,1838,454,1838,454,1880,48,1880,BG VISIBLY SOFT MLK MASK
365,1867,777,1874,776,1916,364,1909,AMTPAID IRLGST RMTTTS0
378,1936,773,1936,773,1978,378,1978,Art Psid excl.GST:RM105.57
526,1991,770,1991,770,2027,526,2027,GSTAMT:RM.33
48,2036,440,2036,440,2079,48,2079,PAID BY:CC*7185RM11.90
113,2108,320,2108,320,2144,113,2144,TOTAL QTY:1S
464,2108,674,2108,674,2144,464,2144,RCEARNED:3
131,2154,309,2154,309,2199,131,2199,RPUSED:0
505,2160,677,2160,677,2196,505,2196,RCUSED:0
156,2202,362,2209,360,2255,154,2247,TolalSV:10.56
526,2212,725,2212,725,2248,526,2248,TalGV10.56
555,2267,781,2274,779,2320,553,2312,BFfrom inv No
450,2326,674,2326,674,2362,450,2362,RC Bslnce0.00
49,2387,337,2395,336,2437,48,2430,Mernber aignature
52,2433,385,2433,385,2466,52,2466,V2.8206/12201620.09.40
47,2478,242,2490,239,2535,44,2524,GST Eummry
371,2485,505,2485,505,2531,371,2531,AMT(RM)
636,2489,770,2489,770,2534,636,2534,TAX(RM)
361,2531,498,2531,498,2567,361,2567,excGST
48,2576,162,2576,162,2622,48,2622,SR(E%)
423,2572,521,2581,516,2627,418,2617,106.57
705,2583,777,2583,777,2622,705,2622,6.33
45,2625,162,2625,162,2671,45,2671,ZR(0%)
447,2632,516,2632,516,2671,447,2671,0.00
705,2632,777,2632,777,2677,705,2677,0.00
43,2673,207,2681,205,2727,40,2719,EXS0%
699,2673,782,2682,776,2731,692,2721,0.00
47,2735,149,2743,145,2782,44,2774,TOTAL
423,2746,519,2746,519,2788,423,2788,105.57
45,2824,787,2830,787,2866,45,2859,me stewthn freen14csy from purchased
42,2853,781,2860,780,2905,41,2898,e bct i compery's pprcsl.item mt be
48,2892,719,2899,718,2934,48,2928,edeemed wthn Trree3mnfrome dse c
48,2931,536,2931,536,2964,48,2964,rvoc(TermeCondtenppllec)
