236,122,462,114,463,156,238,164,S&Y STATIONERY
241,168,446,158,448,195,243,205,(002050590-H)
125,210,570,198,571,239,126,250,NO.36G JALAN BULAN BM U5/BM,
159,252,535,241,536,278,160,289,BANDAR PINGGIRAN SUBANG,
252,293,426,285,428,321,254,330,SEKSYEN U5,
144,336,549,323,550,359,146,372,40150 SHAH ALAM, SELANGOR
65,375,625,362,626,403,66,416,TEL / FAX : 0163307491 / 0378317491
97,419,611,408,612,443,98,454,EMAlL: snystationery@hotmail.com
129,460,575,447,576,482,130,495,TEL0163307491 / 0378317491
219,498,466,491,467,526,220,533,FAX: 0378317491
77,540,627,529,628,566,78,577,E-Mail: snystationery@hotmail,.com
132,583,554,572,555,605,133,616,(GST Reg No : 000906854400)
34,660,214,660,214,695,34,695,S/P : SALES
319,658,625,651,626,686,320,693,Iny No : CS-0004323
32,700,404,697,405,732,32,736,05-Jan-2017 03:17:50 PM
284,779,405,779,405,816,284,816,INVOICE
32,858,260,862,259,897,32,894,No.Descr ipt ion
617,853,678,853,678,894,617,894,UOM
30,899,104,899,104,940,30,940,Code
270,901,451,901,451,938,270,938,Qty U/Price
511,897,670,897,670,934,511,934,Total(MYR)
35,982,477,980,477,1012,35,1013,1 LION FILE 6'S SPRING FILE
620,976,675,976,675,1013,620,1013,PCS
30,1021,135,1016,137,1055,31,1060,MFF350
251,1019,295,1019,295,1056,251,1056,50
380,1019,454,1019,454,1057,380,1057,1.60
521,1015,678,1015,678,1057,521,1057,80.00 SR
33,1064,290,1063,290,1094,34,1096,Discount@10.00%
525,1057,611,1057,611,1096,525,1096,-8.00
322,1181,511,1181,511,1216,322,1216,Item Count :
634,1177,677,1177,677,1216,634,1216,50
87,1225,509,1225,509,1254,87,1254,Total Sales Incl. GST @6%:
590,1221,673,1221,673,1254,590,1254,72.00
164,1265,509,1265,509,1295,164,1295,Total Amount Payable :
590,1261,673,1261,673,1295,590,1295,72.00
270,1302,507,1302,507,1332,270,1332,Cash Received :
574,1300,675,1300,675,1337,574,1337,100.00
380,1341,511,1341,511,1378,380,1378,Change :
587,1339,675,1339,675,1378,587,1378,28.00
33,1419,214,1425,213,1461,31,1455,GST Summary
251,1424,443,1420,444,1455,251,1459,Amount (MYR)
525,1420,666,1420,666,1457,525,1457,Tax (MYR)
32,1462,150,1462,150,1499,32,1499,SR = 6%
364,1460,451,1460,451,1499,364,1499,67.92
599,1459,675,1459,675,1497,599,1497,4.08
37,1545,668,1545,668,1575,37,1575,GOODS SOLD ARE NOT RETURNABLE/REFUNDABLE
