226,341,677,343,677,380,226,378,MR.D.I.YM) SDN BHD
249,386,635,386,635,422,249,422,C0.REG860671-D
107,424,776,432,776,469,106,461,LOT 1851-A & 1851-B, JALAN KPB 6,
125,469,758,472,758,511,124,507,KAWASAN PERINDUSTRIAN BALAKONG,
145,511,760,517,760,554,144,548,43300 SERI KEMBANGAN, SELANGOR
190,555,697,561,696,598,189,592,GST ID No :000306020352
80,596,816,605,815,642,79,633,(PUSAT PERNIAGAAN BUNGA RAYA, MANTIN
311,640,576,644,575,681,310,677,-TAX INVOICE-
53,723,471,727,471,764,52,760,SPRAYFR SX-260# 550ML
816,729,868,729,868,777,816,777,*S
52,767,352,767,352,804,52,804,HAO6HD01-3-70
54,812,188,812,188,845,54,845,9065940
496,811,566,816,563,851,494,846,4X
579,815,680,815,680,856,579,856,1.79
736,815,825,815,825,858,736,858,7.16
48,891,269,897,268,936,47,929,Items)1
656,898,867,904,865,949,655,942,Qtys 4
46,974,350,980,350,1019,45,1013,Total Incl. GST
715,985,865,989,864,1028,714,1024,RM 7.16
40,1018,428,1026,427,1065,39,1057,ROUNDING ADJUSTMENT
698,1029,863,1029,863,1068,698,1068,-RM 0.01
42,1061,309,1065,308,1103,41,1099,TOTAL ROUNDED
715,1070,865,1074,864,1115,714,1110,RM 7.15
39,1097,140,1102,138,1144,37,1140,CASH
695,1114,863,1114,863,1153,695,1153,RM 20.20
37,1140,167,1144,165,1189,36,1184,CHANGE
695,1157,861,1157,861,1195,695,1195,RM.13.05
39,1224,262,1235,260,1275,37,1265,GST Summary
410,1234,558,1234,558,1278,410,1278,Amt(RM)
611,1234,758,1238,757,1282,610,1278,Tax(RM)
37,1269,224,1275,223,1314,36,1308,GST SR@0%
507,1278,597,1278,597,1321,507,1321,7.16
711,1282,799,1282,799,1323,711,1323,0.00
40,1398,529,1406,528,1443,40,1435,15-07-18 10:35 SHO1 ZI33
591,1404,856,1410,855,1448,590,1442,T2 R000010082
38,1441,529,1448,528,1485,38,1478,OPERATOR TRAINEE CASHIER
159,1527,713,1537,712,1574,159,1564,EXCHANGE ARE ALLOWED WITHIN
237,1573,650,1577,649,1614,236,1610,7 DAYS WITH RECEIPT.
201,1614,684,1620,684,1657,200,1651,STRICTLY NO CASH REFUND.
